0.000568606 5.04883e-05 4.03773e-06 -7.3877e-06 -8.44456e-06 -9.20158e-06 -9.87899e-06 -8.06566e-06 -7.38074e-06 -6.94225e-06 -6.87204e-06 -6.76422e-06 -5.81116e-06 -4.60465e-06 -3.48542e-06 -3.61391e-06 -2.86335e-06 -2.67395e-06 -2.18773e-06 -1.65236e-06 -1.51666e-06 -1.54675e-06 -1.64255e-06 -1.24866e-06 -1.29506e-06 -1.66282e-06 -1.34456e-06 -1.21991e-06 -8.70009e-07 -7.8434e-07 -5.90204e-07 -2.17453e-07 -1.50989e-07 -1.85642e-07 -2.63067e-07 -1.70323e-07 
5.04883e-05 4.24025e-05 1.91139e-05 1.14981e-05 7.72352e-06 5.40577e-06 3.70841e-06 2.49358e-06 1.75764e-06 9.95119e-07 5.06392e-07 3.56269e-07 1.16875e-07 2.35499e-07 2.1939e-07 1.54303e-07 1.60192e-07 1.84253e-07 2.04921e-07 1.74444e-07 1.70086e-07 9.60294e-09 -3.66355e-08 -5.45694e-08 8.55152e-09 -2.9991e-08 -4.63298e-09 1.02253e-07 1.99841e-07 1.83465e-07 1.54666e-07 1.0462e-07 4.91058e-08 1.12775e-07 1.13464e-07 7.45556e-08 
4.03773e-06 1.91139e-05 1.86202e-05 1.1758e-05 8.56843e-06 6.60182e-06 5.06024e-06 3.74824e-06 2.92478e-06 2.13652e-06 1.66858e-06 1.38174e-06 1.01528e-06 9.49407e-07 8.27697e-07 7.10866e-07 6.0528e-07 5.82613e-07 5.51459e-07 4.76028e-07 3.93457e-07 2.9925e-07 2.35573e-07 1.7882e-07 1.26009e-07 1.06467e-07 7.61479e-08 1.45245e-07 1.14972e-07 7.14585e-08 1.03323e-07 4.4688e-08 2.69433e-08 4.34285e-08 3.99723e-08 -2.30255e-10 
-7.3877e-06 1.14981e-05 1.1758e-05 1.1187e-05 8.02962e-06 6.39104e-06 5.017e-06 3.77073e-06 2.93396e-06 2.17444e-06 1.74759e-06 1.44844e-06 1.14402e-06 9.9764e-07 8.22825e-07 7.53272e-07 6.24324e-07 5.79067e-07 4.90069e-07 4.18242e-07 3.15619e-07 2.62589e-07 2.00727e-07 1.22379e-07 8.4139e-08 7.83017e-08 3.22766e-08 9.88293e-08 6.85487e-08 4.31208e-08 6.15534e-08 1.88753e-08 3.06408e-08 5.06902e-08 2.17512e-08 -4.75578e-09 
-8.44456e-06 7.72352e-06 8.56843e-06 8.02962e-06 7.83052e-06 6.15825e-06 4.91981e-06 3.74919e-06 2.91828e-06 2.21098e-06 1.73565e-06 1.40214e-06 1.1442e-06 9.43491e-07 7.86925e-07 6.90811e-07 5.88804e-07 5.55925e-07 4.70898e-07 3.90521e-07 3.37077e-07 2.74217e-07 2.41591e-07 1.73574e-07 1.01044e-07 9.69181e-08 5.17716e-08 9.4547e-08 6.61161e-08 6.10482e-08 5.43855e-08 1.42788e-08 2.12581e-08 3.39249e-08 2.20607e-08 1.14365e-08 
-9.20158e-06 5.40577e-06 6.60182e-06 6.39104e-06 6.15825e-06 6.27534e-06 4.99828e-06 3.88381e-06 3.04994e-06 2.34633e-06 1.85793e-06 1.51715e-06 1.22657e-06 1.01938e-06 8.65829e-07 7.32402e-07 6.2994e-07 5.67313e-07 4.69231e-07 3.814e-07 3.13271e-07 2.53056e-07 2.28264e-07 1.75182e-07 1.24361e-07 9.06601e-08 3.27699e-08 4.76808e-08 1.9531e-08 -5.38523e-09 -1.07892e-08 -3.92709e-08 -3.20779e-08 -1.19216e-08 -2.55414e-08 -9.35085e-09 
-9.87899e-06 3.70841e-06 5.06024e-06 5.017e-06 4.91981e-06 4.99828e-06 4.98338e-06 3.89751e-06 3.09643e-06 2.4587e-06 1.96655e-06 1.62459e-06 1.33164e-06 1.12873e-06 9.45121e-07 8.0634e-07 6.94893e-07 6.0489e-07 4.99811e-07 3.99394e-07 3.1863e-07 2.52794e-07 2.11943e-07 1.67599e-07 1.23965e-07 8.62965e-08 4.2231e-08 5.155e-08 1.06819e-08 2.18922e-09 -1.76476e-08 -3.44734e-08 -4.34531e-08 -2.46294e-08 -3.14196e-08 -2.18175e-08 
-8.06566e-06 2.49358e-06 3.74824e-06 3.77073e-06 3.74919e-06 3.88381e-06 3.89751e-06 3.85858e-06 3.07358e-06 2.49554e-06 2.01757e-06 1.64519e-06 1.32799e-06 1.12233e-06 9.3533e-07 8.10498e-07 7.06915e-07 5.93026e-07 4.72668e-07 3.82007e-07 3.19037e-07 2.5869e-07 2.15335e-07 1.82433e-07 1.48141e-07 1.18201e-07 7.77487e-08 7.46976e-08 3.92027e-08 2.69939e-08 7.64437e-09 -1.26577e-08 -3.50479e-08 -2.82122e-08 -3.34097e-08 -2.67096e-08 
-7.38074e-06 1.75764e-06 2.92478e-06 2.93396e-06 2.91828e-06 3.04994e-06 3.09643e-06 3.07358e-06 3.14175e-06 2.6053e-06 2.13433e-06 1.75161e-06 1.41272e-06 1.16455e-06 9.63799e-07 8.30808e-07 6.72575e-07 5.41995e-07 4.36745e-07 3.38828e-07 2.7875e-07 2.25817e-07 1.8422e-07 1.61087e-07 1.36774e-07 1.08722e-07 7.81597e-08 6.42632e-08 3.47684e-08 2.08935e-08 7.48897e-09 -1.51969e-08 -3.1088e-08 -2.89007e-08 -2.97946e-08 -2.57645e-08 
-6.94225e-06 9.95119e-07 2.13652e-06 2.17444e-06 2.21098e-06 2.34633e-06 2.4587e-06 2.49554e-06 2.6053e-06 2.72892e-06 2.24597e-06 1.86753e-06 1.51687e-06 1.26277e-06 1.02876e-06 8.65778e-07 7.0084e-07 5.69342e-07 4.82162e-07 3.60533e-07 2.89051e-07 2.22254e-07 1.87932e-07 1.69132e-07 1.47592e-07 1.18027e-07 9.85426e-08 7.00123e-08 3.37018e-08 1.15541e-08 -4.68468e-09 -2.63668e-08 -3.35896e-08 -3.39399e-08 -1.96256e-08 -2.25098e-08 
-6.87204e-06 5.06392e-07 1.66858e-06 1.74759e-06 1.73565e-06 1.85793e-06 1.96655e-06 2.01757e-06 2.13433e-06 2.24597e-06 2.28353e-06 1.91592e-06 1.56492e-06 1.32344e-06 1.07538e-06 9.105e-07 7.21433e-07 5.93462e-07 4.87578e-07 3.72189e-07 2.97143e-07 2.24801e-07 1.70942e-07 1.34979e-07 1.09328e-07 7.84423e-08 5.83014e-08 3.9774e-08 2.00024e-08 3.11239e-10 -1.19445e-08 -3.57496e-08 -4.39547e-08 -4.55325e-08 -3.1515e-08 -2.99737e-08 
-6.76422e-06 3.56269e-07 1.38174e-06 1.44844e-06 1.40214e-06 1.51715e-06 1.62459e-06 1.64519e-06 1.75161e-06 1.86753e-06 1.91592e-06 1.96977e-06 1.61271e-06 1.38718e-06 1.13763e-06 9.53923e-07 7.55455e-07 6.00756e-07 4.99779e-07 3.77104e-07 3.02918e-07 2.38274e-07 1.88146e-07 1.41328e-07 1.20311e-07 8.68178e-08 6.58959e-08 4.59957e-08 2.76869e-08 3.29879e-09 -2.89706e-09 -1.95448e-08 -2.8898e-08 -2.62146e-08 -1.65997e-08 -1.94432e-08 
-5.81116e-06 1.16875e-07 1.01528e-06 1.14402e-06 1.1442e-06 1.22657e-06 1.33164e-06 1.32799e-06 1.41272e-06 1.51687e-06 1.56492e-06 1.61271e-06 1.64859e-06 1.41773e-06 1.19307e-06 1.00203e-06 8.00848e-07 6.33504e-07 5.12893e-07 4.03451e-07 3.33729e-07 2.74721e-07 2.29812e-07 1.82766e-07 1.51174e-07 1.12406e-07 8.83487e-08 6.24097e-08 4.57788e-08 2.84028e-08 2.8244e-08 1.57633e-08 5.89084e-09 9.66475e-09 8.03944e-09 7.87843e-09 
-4.60465e-06 2.35499e-07 9.49407e-07 9.9764e-07 9.43491e-07 1.01938e-06 1.12873e-06 1.12233e-06 1.16455e-06 1.26277e-06 1.32344e-06 1.38718e-06 1.41773e-06 1.49519e-06 1.26321e-06 1.07499e-06 8.6776e-07 7.05379e-07 5.593e-07 4.46127e-07 3.71144e-07 3.10986e-07 2.64412e-07 2.08925e-07 1.70002e-07 1.18513e-07 8.79428e-08 6.12421e-08 5.28895e-08 3.76639e-08 4.00088e-08 2.67194e-08 1.43355e-08 2.13411e-08 2.1563e-08 1.92866e-08 
-3.48542e-06 2.1939e-07 8.27697e-07 8.22825e-07 7.86925e-07 8.65829e-07 9.45121e-07 9.3533e-07 9.63799e-07 1.02876e-06 1.07538e-06 1.13763e-06 1.19307e-06 1.26321e-06 1.31609e-06 1.12324e-06 9.13329e-07 7.55244e-07 6.09127e-07 4.89511e-07 4.06517e-07 3.32823e-07 2.84541e-07 2.26086e-07 1.91395e-07 1.45324e-07 1.13004e-07 8.58139e-08 7.90843e-08 6.42628e-08 6.66662e-08 6.03144e-08 4.73747e-08 4.41439e-08 4.14216e-08 4.01176e-08 
-3.61391e-06 1.54303e-07 7.10866e-07 7.53272e-07 6.90811e-07 7.32402e-07 8.0634e-07 8.10498e-07 8.30808e-07 8.65778e-07 9.105e-07 9.53923e-07 1.00203e-06 1.07499e-06 1.12324e-06 1.17357e-06 9.70202e-07 8.21693e-07 6.77948e-07 5.47342e-07 4.64498e-07 3.82559e-07 3.30605e-07 2.63039e-07 2.1984e-07 1.6236e-07 1.30722e-07 9.47357e-08 9.29343e-08 8.33452e-08 8.25092e-08 7.18991e-08 5.66645e-08 4.77353e-08 4.45979e-08 4.25772e-08 
-2.86335e-06 1.60192e-07 6.0528e-07 6.24324e-07 5.88804e-07 6.2994e-07 6.94893e-07 7.06915e-07 6.72575e-07 7.0084e-07 7.21433e-07 7.55455e-07 8.00848e-07 8.6776e-07 9.13329e-07 9.70202e-07 9.88818e-07 8.44515e-07 7.05134e-07 5.71879e-07 4.86988e-07 3.97359e-07 3.4076e-07 2.74021e-07 2.25979e-07 1.76376e-07 1.39813e-07 1.09621e-07 1.0155e-07 9.4495e-08 8.91143e-08 8.05362e-08 6.53074e-08 5.05634e-08 5.04144e-08 4.47742e-08 
-2.67395e-06 1.84253e-07 5.82613e-07 5.79067e-07 5.55925e-07 5.67313e-07 6.0489e-07 5.93026e-07 5.41995e-07 5.69342e-07 5.93462e-07 6.00756e-07 6.33504e-07 7.05379e-07 7.55244e-07 8.21693e-07 8.44515e-07 8.96852e-07 7.61382e-07 6.37749e-07 5.37574e-07 4.41878e-07 3.74211e-07 3.01853e-07 2.43183e-07 1.92847e-07 1.48952e-07 1.13662e-07 1.06515e-07 1.03706e-07 9.7578e-08 8.92038e-08 7.24143e-08 5.66457e-08 6.32375e-08 5.21346e-08 
-2.18773e-06 2.04921e-07 5.51459e-07 4.90069e-07 4.70898e-07 4.69231e-07 4.99811e-07 4.72668e-07 4.36745e-07 4.82162e-07 4.87578e-07 4.99779e-07 5.12893e-07 5.593e-07 6.09127e-07 6.77948e-07 7.05134e-07 7.61382e-07 7.99832e-07 6.73395e-07 5.86207e-07 4.87832e-07 4.12485e-07 3.34431e-07 2.76782e-07 2.18915e-07 1.75332e-07 1.39201e-07 1.23712e-07 1.19427e-07 1.05389e-07 8.84785e-08 6.95965e-08 5.22079e-08 5.42813e-08 4.37154e-08 
-1.65236e-06 1.74444e-07 4.76028e-07 4.18242e-07 3.90521e-07 3.814e-07 3.99394e-07 3.82007e-07 3.38828e-07 3.60533e-07 3.72189e-07 3.77104e-07 4.03451e-07 4.46127e-07 4.89511e-07 5.47342e-07 5.71879e-07 6.37749e-07 6.73395e-07 7.02457e-07 6.18101e-07 5.32316e-07 4.48841e-07 3.66992e-07 3.04064e-07 2.48354e-07 1.9986e-07 1.61171e-07 1.40282e-07 1.35467e-07 1.18402e-07 1.00389e-07 8.23877e-08 6.2258e-08 6.31784e-08 5.06073e-08 
-1.51666e-06 1.70086e-07 3.93457e-07 3.15619e-07 3.37077e-07 3.13271e-07 3.1863e-07 3.19037e-07 2.7875e-07 2.89051e-07 2.97143e-07 3.02918e-07 3.33729e-07 3.71144e-07 4.06517e-07 4.64498e-07 4.86988e-07 5.37574e-07 5.86207e-07 6.18101e-07 6.80288e-07 5.8956e-07 5.06627e-07 4.19031e-07 3.46965e-07 2.86452e-07 2.3392e-07 1.8912e-07 1.63419e-07 1.53622e-07 1.28385e-07 1.02604e-07 8.40945e-08 6.5436e-08 6.62099e-08 5.48375e-08 
-1.54675e-06 9.60294e-09 2.9925e-07 2.62589e-07 2.74217e-07 2.53056e-07 2.52794e-07 2.5869e-07 2.25817e-07 2.22254e-07 2.24801e-07 2.38274e-07 2.74721e-07 3.10986e-07 3.32823e-07 3.82559e-07 3.97359e-07 4.41878e-07 4.87832e-07 5.32316e-07 5.8956e-07 6.3651e-07 5.54675e-07 4.64673e-07 3.92147e-07 3.23977e-07 2.62913e-07 2.14481e-07 1.8466e-07 1.68587e-07 1.42397e-07 1.15106e-07 9.78273e-08 8.0435e-08 7.20658e-08 5.85625e-08 
-1.64255e-06 -3.66355e-08 2.35573e-07 2.00727e-07 2.41591e-07 2.28264e-07 2.11943e-07 2.15335e-07 1.8422e-07 1.87932e-07 1.70942e-07 1.88146e-07 2.29812e-07 2.64412e-07 2.84541e-07 3.30605e-07 3.4076e-07 3.74211e-07 4.12485e-07 4.48841e-07 5.06627e-07 5.54675e-07 5.95213e-07 5.05001e-07 4.31898e-07 3.59915e-07 2.9439e-07 2.45792e-07 2.0479e-07 1.84171e-07 1.62605e-07 1.31641e-07 1.13595e-07 9.43473e-08 8.44211e-08 7.06118e-08 
-1.24866e-06 -5.45694e-08 1.7882e-07 1.22379e-07 1.73574e-07 1.75182e-07 1.67599e-07 1.82433e-07 1.61087e-07 1.69132e-07 1.34979e-07 1.41328e-07 1.82766e-07 2.08925e-07 2.26086e-07 2.63039e-07 2.74021e-07 3.01853e-07 3.34431e-07 3.66992e-07 4.19031e-07 4.64673e-07 5.05001e-07 5.26168e-07 4.51989e-07 3.8426e-07 3.20634e-07 2.73357e-07 2.2769e-07 2.01463e-07 1.72544e-07 1.43689e-07 1.22025e-07 1.0235e-07 9.36697e-08 7.94912e-08 
-1.29506e-06 8.55152e-09 1.26009e-07 8.4139e-08 1.01044e-07 1.24361e-07 1.23965e-07 1.48141e-07 1.36774e-07 1.47592e-07 1.09328e-07 1.20311e-07 1.51174e-07 1.70002e-07 1.91395e-07 2.1984e-07 2.25979e-07 2.43183e-07 2.76782e-07 3.04064e-07 3.46965e-07 3.92147e-07 4.31898e-07 4.51989e-07 4.77935e-07 4.06391e-07 3.43135e-07 2.93106e-07 2.43331e-07 2.11858e-07 1.81305e-07 1.52746e-07 1.27998e-07 1.09233e-07 9.8624e-08 8.55306e-08 
-1.66282e-06 -2.9991e-08 1.06467e-07 7.83017e-08 9.69181e-08 9.06601e-08 8.62965e-08 1.18201e-07 1.08722e-07 1.18027e-07 7.84423e-08 8.68178e-08 1.12406e-07 1.18513e-07 1.45324e-07 1.6236e-07 1.76376e-07 1.92847e-07 2.18915e-07 2.48354e-07 2.86452e-07 3.23977e-07 3.59915e-07 3.8426e-07 4.06391e-07 4.27773e-07 3.72231e-07 3.2216e-07 2.68259e-07 2.32002e-07 1.98047e-07 1.6704e-07 1.42255e-07 1.1965e-07 1.06691e-07 9.57533e-08 
-1.34456e-06 -4.63298e-09 7.61479e-08 3.22766e-08 5.17716e-08 3.27699e-08 4.2231e-08 7.77487e-08 7.81597e-08 9.85426e-08 5.83014e-08 6.58959e-08 8.83487e-08 8.79428e-08 1.13004e-07 1.30722e-07 1.39813e-07 1.48952e-07 1.75332e-07 1.9986e-07 2.3392e-07 2.62913e-07 2.9439e-07 3.20634e-07 3.43135e-07 3.72231e-07 4.13904e-07 3.61864e-07 3.05447e-07 2.62324e-07 2.25223e-07 1.8821e-07 1.59816e-07 1.36762e-07 1.17946e-07 1.10604e-07 
-1.21991e-06 1.02253e-07 1.45245e-07 9.88293e-08 9.4547e-08 4.76808e-08 5.155e-08 7.46976e-08 6.42632e-08 7.00123e-08 3.9774e-08 4.59957e-08 6.24097e-08 6.12421e-08 8.58139e-08 9.47357e-08 1.09621e-07 1.13662e-07 1.39201e-07 1.61171e-07 1.8912e-07 2.14481e-07 2.45792e-07 2.73357e-07 2.93106e-07 3.2216e-07 3.61864e-07 3.99983e-07 3.41441e-07 3.00233e-07 2.62462e-07 2.21923e-07 1.9121e-07 1.66045e-07 1.39956e-07 1.2539e-07 
-8.70009e-07 1.99841e-07 1.14972e-07 6.85487e-08 6.61161e-08 1.9531e-08 1.06819e-08 3.92027e-08 3.47684e-08 3.37018e-08 2.00024e-08 2.76869e-08 4.57788e-08 5.28895e-08 7.90843e-08 9.29343e-08 1.0155e-07 1.06515e-07 1.23712e-07 1.40282e-07 1.63419e-07 1.8466e-07 2.0479e-07 2.2769e-07 2.43331e-07 2.68259e-07 3.05447e-07 3.41441e-07 3.69625e-07 3.28451e-07 2.9027e-07 2.46446e-07 2.12157e-07 1.82051e-07 1.52354e-07 1.35155e-07 
-7.8434e-07 1.83465e-07 7.14585e-08 4.31208e-08 6.10482e-08 -5.38523e-09 2.18922e-09 2.69939e-08 2.08935e-08 1.15541e-08 3.11239e-10 3.29879e-09 2.84028e-08 3.76639e-08 6.42628e-08 8.33452e-08 9.4495e-08 1.03706e-07 1.19427e-07 1.35467e-07 1.53622e-07 1.68587e-07 1.84171e-07 2.01463e-07 2.11858e-07 2.32002e-07 2.62324e-07 3.00233e-07 3.28451e-07 3.53226e-07 3.15795e-07 2.68467e-07 2.3174e-07 2.01585e-07 1.67647e-07 1.47966e-07 
-5.90204e-07 1.54666e-07 1.03323e-07 6.15534e-08 5.43855e-08 -1.07892e-08 -1.76476e-08 7.64437e-09 7.48897e-09 -4.68468e-09 -1.19445e-08 -2.89706e-09 2.8244e-08 4.00088e-08 6.66662e-08 8.25092e-08 8.91143e-08 9.7578e-08 1.05389e-07 1.18402e-07 1.28385e-07 1.42397e-07 1.62605e-07 1.72544e-07 1.81305e-07 1.98047e-07 2.25223e-07 2.62462e-07 2.9027e-07 3.15795e-07 3.46332e-07 2.97625e-07 2.57191e-07 2.2337e-07 1.82378e-07 1.57053e-07 
-2.17453e-07 1.0462e-07 4.4688e-08 1.88753e-08 1.42788e-08 -3.92709e-08 -3.44734e-08 -1.26577e-08 -1.51969e-08 -2.63668e-08 -3.57496e-08 -1.95448e-08 1.57633e-08 2.67194e-08 6.03144e-08 7.18991e-08 8.05362e-08 8.92038e-08 8.84785e-08 1.00389e-07 1.02604e-07 1.15106e-07 1.31641e-07 1.43689e-07 1.52746e-07 1.6704e-07 1.8821e-07 2.21923e-07 2.46446e-07 2.68467e-07 2.97625e-07 3.19996e-07 2.82281e-07 2.50777e-07 2.08657e-07 1.79495e-07 
-1.50989e-07 4.91058e-08 2.69433e-08 3.06408e-08 2.12581e-08 -3.20779e-08 -4.34531e-08 -3.50479e-08 -3.1088e-08 -3.35896e-08 -4.39547e-08 -2.8898e-08 5.89084e-09 1.43355e-08 4.73747e-08 5.66645e-08 6.53074e-08 7.24143e-08 6.95965e-08 8.23877e-08 8.40945e-08 9.78273e-08 1.13595e-07 1.22025e-07 1.27998e-07 1.42255e-07 1.59816e-07 1.9121e-07 2.12157e-07 2.3174e-07 2.57191e-07 2.82281e-07 3.04485e-07 2.68145e-07 2.27913e-07 1.97404e-07 
-1.85642e-07 1.12775e-07 4.34285e-08 5.06902e-08 3.39249e-08 -1.19216e-08 -2.46294e-08 -2.82122e-08 -2.89007e-08 -3.39399e-08 -4.55325e-08 -2.62146e-08 9.66475e-09 2.13411e-08 4.41439e-08 4.77353e-08 5.05634e-08 5.66457e-08 5.22079e-08 6.2258e-08 6.5436e-08 8.0435e-08 9.43473e-08 1.0235e-07 1.09233e-07 1.1965e-07 1.36762e-07 1.66045e-07 1.82051e-07 2.01585e-07 2.2337e-07 2.50777e-07 2.68145e-07 2.89759e-07 2.49169e-07 2.19044e-07 
-2.63067e-07 1.13464e-07 3.99723e-08 2.17512e-08 2.20607e-08 -2.55414e-08 -3.14196e-08 -3.34097e-08 -2.97946e-08 -1.96256e-08 -3.1515e-08 -1.65997e-08 8.03944e-09 2.1563e-08 4.14216e-08 4.45979e-08 5.04144e-08 6.32375e-08 5.42813e-08 6.31784e-08 6.62099e-08 7.20658e-08 8.44211e-08 9.36697e-08 9.8624e-08 1.06691e-07 1.17946e-07 1.39956e-07 1.52354e-07 1.67647e-07 1.82378e-07 2.08657e-07 2.27913e-07 2.49169e-07 2.67934e-07 2.37401e-07 
-1.70323e-07 7.45556e-08 -2.30255e-10 -4.75578e-09 1.14365e-08 -9.35085e-09 -2.18175e-08 -2.67096e-08 -2.57645e-08 -2.25098e-08 -2.99737e-08 -1.94432e-08 7.87843e-09 1.92866e-08 4.01176e-08 4.25772e-08 4.47742e-08 5.21346e-08 4.37154e-08 5.06073e-08 5.48375e-08 5.85625e-08 7.06118e-08 7.94912e-08 8.55306e-08 9.57533e-08 1.10604e-07 1.2539e-07 1.35155e-07 1.47966e-07 1.57053e-07 1.79495e-07 1.97404e-07 2.19044e-07 2.37401e-07 2.60669e-07 
